11.1111111 11.1111111
11.1111111 11.1111111
11.1111111 11.1111111
11.1111111 11.1111111
11.1111111 11.1111111
33.3333333 33.3333333
33.3333333 33.3333333
33.3333333 33.3333333
32.1231231 52.1231232
33.3333333 33.3333333
33.3333333 33.3333333
33.3333333 33.3333333
33.3333333 33.3333333
12.1234567 12.1234567
11.1111111 11.1111111
11.1111111 11.1111111
33.3333333 33.3333333
33.3333333 33.3333333
33.3333333 33.3333333
33.3333333 33.3333333
33.3333333 33.3333333
33.3333333 33.3333333
33.3333333 33.3333333
33.3333333 33.3333333
33.3333333 33.3333333
33.3333333 33.3333333
11.1111111 11.1111111
11.1111111 11.1111111
33.1111111 31.1111111
33.3333333 33.3333333
33.3333333 33.3333333
33.3333333 33.3333333
33.3333333 33.3333333
33.3333333 33.3333333
33.3333333 33.3333333
-33.3333333 33.3333333
-33.3333333 33.3333333
-33.3333333 33.3333333
-33.3333333 33.3333333
-33.3333333 33.3333333
-33.3333333 33.3333333
33.3333333 33.3333333
33.3333333 53.3333333
